24
0 542.23 955.013 1093.86 882.35 612.295 394.342 603.312 987.549 1344.11 138.698 644.063 801.18 1021.02 94.8947 771.003 1125.71 601.748 757.493 628.143 495.645 878.588 492.61 1086.07 
542.23 0 1202.23 1589.36 893.9 865.657 561.77 734.882 1440.03 1877.01 403.586 353.069 417.354 1310.94 627.823 1288.12 1557.71 1138.01 453.282 1161.93 974.51 456.004 357.239 993.109 
955.013 1202.23 0 834.01 480.189 353.193 1348.34 1557.83 590.265 1262.94 993.105 953.151 1071.31 134.833 982.774 798.489 592.76 1114.21 960.576 871.111 628.676 1150.27 855.795 672.646 
1093.86 1589.36 834.01 0 1246.73 883.822 1409.81 1549.68 243.772 430.308 1215.31 1504.43 1663.89 737.222 1045.01 338.723 304.237 750.976 1567.98 515.909 614.916 1752.61 1349.6 1476.15 
882.35 893.9 480.189 1246.73 0 403.792 1226.81 1446.1 1012.64 1658.63 849.812 569.751 643.747 614.925 951.025 1107.34 1051.29 1282.45 535.303 1107.82 820.286 710.849 543.281 243.68 
612.295 865.657 353.193 883.822 403.792 0 1001.98 1215.06 669.047 1276.94 640.815 663.687 807.788 447.465 651.92 707.607 747.27 893.471 703.313 704.801 418.169 894.303 537.023 647.472 
394.342 561.77 1348.34 1409.81 1226.81 1001.98 0 219.42 1342.5 1582.95 378.155 837.678 955.283 1415.2 390.217 1072.06 1488.17 755.987 956.06 901.68 857.103 1009.04 736.419 1401.66 
603.312 734.882 1557.83 1549.68 1446.1 1215.06 219.42 0 1508.1 1674.48 597.523 1039.54 1144.77 1618.79 582.218 1211.47 1657.5 842.059 1156.17 1034 1035.52 1190.49 949.021 1618.43 
987.549 1440.03 590.265 243.772 1012.64 669.047 1342.5 1508.1 0 673.506 1093.54 1314.87 1468.55 495.529 957.614 354.519 152.869 789.163 1367.81 519.042 492.062 1556.51 1168.07 1237.82 
1344.11 1877.01 1262.94 430.308 1658.63 1276.94 1582.95 1674.48 673.506 0 1479.08 1851.39 2016.25 1167.47 1273.17 601.021 717.717 833.501 1928.74 716.227 934.088 2104.8 1689.11 1893.49 
138.698 403.586 993.105 1215.31 849.812 640.815 378.155 597.523 1093.54 1479.08 0 531.327 681.001 1073.78 227.693 899.324 1225.73 738.611 648.584 762.861 606.298 754.449 393.926 1033.23 
644.063 353.069 953.151 1504.43 569.751 663.687 837.678 1039.54 1314.87 1851.39 531.327 0 166.883 1077.12 738.566 1250.61 1407.42 1223.95 119.269 1166.49 917.314 254.153 165.487 641.95 
801.18 417.354 1071.31 1663.89 643.747 807.788 955.283 1144.77 1468.55 2016.25 681.001 166.883 0 1200.26 896.059 1415.8 1554.92 1387.79 111.018 1333.35 1082.4 88.8369 332.343 654.274 
1021.02 1310.94 134.833 737.222 614.925 447.465 1415.2 1618.79 495.529 1167.47 1073.78 1077.12 1200.26 0 1037.65 750.648 474.814 1106.3 1089.88 848.487 638.318 1280.47 971.426 802.225 
94.8947 627.823 982.774 1045.01 951.025 651.92 390.217 582.218 957.614 1273.17 227.693 738.566 896.059 1037.65 0 714.358 1100.96 511.165 851.439 560.576 468.364 973.436 585.657 1162.42 
771.003 1288.12 798.489 338.723 1107.34 707.607 1072.06 1211.47 354.519 601.021 899.324 1250.61 1415.8 750.648 714.358 0 502.972 438.308 1329.92 179.769 333.402 1504.23 1088.1 1349.78 
1125.71 1557.71 592.76 304.237 1051.29 747.27 1488.17 1657.5 152.869 717.717 1225.73 1407.42 1554.92 474.814 1100.96 502.972 0 939.939 1450.49 671.078 632.887 1641.57 1268.28 1262.27 
601.748 1138.01 1114.21 750.976 1282.45 893.471 755.987 842.059 789.163 833.501 738.611 1223.95 1387.79 1106.3 511.165 438.308 939.939 0 1328.61 273.029 490.597 1469.62 1061.49 1520.87 
757.493 453.282 960.576 1567.98 535.303 703.313 956.06 1156.17 1367.81 1928.74 648.584 119.269 111.018 1089.88 851.439 1329.92 1450.49 1328.61 0 1256.64 997.014 192.107 267.905 564.263 
628.143 1161.93 871.111 515.909 1107.82 704.801 901.68 1034 519.042 716.227 762.861 1166.49 1333.35 848.487 560.576 179.769 671.078 273.029 1256.64 0 287.924 1420.26 1001.21 1351.25 
495.645 974.51 628.676 614.916 820.286 418.169 857.103 1035.52 492.062 934.088 606.298 917.314 1082.4 638.318 468.364 333.402 632.887 490.597 997.014 287.924 0 1170.85 755.27 1063.55 
878.588 456.004 1150.27 1752.61 710.849 894.303 1009.04 1190.49 1556.51 2104.8 754.449 254.153 88.8369 1280.47 973.436 1504.23 1641.57 1469.62 192.107 1420.26 1170.85 0 419.075 696.363 
492.61 357.239 855.795 1349.6 543.281 537.023 736.419 949.021 1168.07 1689.11 393.926 165.487 332.343 971.426 585.657 1088.1 1268.28 1061.49 267.905 1001.21 755.27 419.075 0 675.783 
1086.07 993.109 672.646 1476.15 243.68 647.472 1401.66 1618.43 1237.82 1893.49 1033.23 641.95 654.274 802.225 1162.42 1349.78 1262.27 1520.87 564.263 1351.25 1063.55 696.363 675.783 0 
